#       time (sec)              rel. flux
0.000000000000000000e+00 9.929180052846368065e-01
6.000000000000000000e+01 1.000031053760821464e+00
1.200000000000000000e+02 9.998089958760535412e-01
1.800000000000000000e+02 1.005458141704583808e+00
2.400000000000000000e+02 1.001511202270596312e+00
3.000000000000000000e+02 1.000718997567300539e+00
3.600000000000000000e+02 9.972498294995603141e-01
4.200000000000000000e+02 1.001450947477362741e+00
4.800000000000000000e+02 9.929184022534507381e-01
5.400000000000000000e+02 1.000366862501453458e+00
6.000000000000000000e+02 9.995274370707303291e-01
6.600000000000000000e+02 9.990316524129294606e-01
7.200000000000000000e+02 9.978500904837628305e-01
7.800000000000000000e+02 9.989878184132467975e-01
8.400000000000000000e+02 9.976868004896738418e-01
9.000000000000000000e+02 9.985037413428008435e-01
9.600000000000000000e+02 9.993963893409241184e-01
1.020000000000000000e+03 1.004287798108845386e+00
1.080000000000000000e+03 1.002870867785222497e+00
1.140000000000000000e+03 1.000141245228529874e+00
1.200000000000000000e+03 1.002294229160311190e+00
1.260000000000000000e+03 1.004038020629045125e+00
1.320000000000000000e+03 9.992645358201369676e-01
1.380000000000000000e+03 1.001023924079859073e+00
1.440000000000000000e+03 1.003264497239069852e+00
1.500000000000000000e+03 1.002431988152428177e+00
1.560000000000000000e+03 9.969665260466644696e-01
