#       time (sec)              rel. flux
0.000000000000000000e+00 1.006027951622032290e+00
6.000000000000000000e+01 9.994959556056692840e-01
1.200000000000000000e+02 1.017416872914303161e+00
1.800000000000000000e+02 1.007128439267807485e+00
2.400000000000000000e+02 1.002867125242973945e+00
3.000000000000000000e+02 1.007237957709677056e+00
3.600000000000000000e+02 9.848610602129341807e-01
4.200000000000000000e+02 9.982501632695095495e-01
4.800000000000000000e+02 9.910161843989402364e-01
5.400000000000000000e+02 1.019838213058835041e+00
6.000000000000000000e+02 1.007480503242497605e+00
6.600000000000000000e+02 9.883433780736552432e-01
7.200000000000000000e+02 9.980139789428223995e-01
7.800000000000000000e+02 1.001223645739578449e+00
8.400000000000000000e+02 9.932327010457711047e-01
9.000000000000000000e+02 9.840371999890796806e-01
9.600000000000000000e+02 9.850890330711417064e-01
1.020000000000000000e+03 1.008595545385495784e+00
1.080000000000000000e+03 1.009916191129974550e+00
1.140000000000000000e+03 9.937292151403422924e-01
1.200000000000000000e+03 1.009053974233083073e+00
1.260000000000000000e+03 1.002503827712927453e+00
1.320000000000000000e+03 9.874531270701540908e-01
1.380000000000000000e+03 9.990837484858546835e-01
1.440000000000000000e+03 9.995066430562546955e-01
1.500000000000000000e+03 1.008330083706054703e+00
1.560000000000000000e+03 9.902672806726304788e-01
