#       time (sec)              rel. flux
0.000000000000000000e+00 9.958023989412888577e-01
6.000000000000000000e+01 9.928196077539116482e-01
1.200000000000000000e+02 9.973705796476624030e-01
1.800000000000000000e+02 1.000884473388662155e+00
2.400000000000000000e+02 9.988690235856509947e-01
3.000000000000000000e+02 1.001900356803190340e+00
3.600000000000000000e+02 9.988328142616652583e-01
4.200000000000000000e+02 9.990930088120959507e-01
4.800000000000000000e+02 1.000817332363301171e+00
5.400000000000000000e+02 9.955342339622734738e-01
6.000000000000000000e+02 9.992678243700013896e-01
6.600000000000000000e+02 1.001770322508558575e+00
7.200000000000000000e+02 1.006449596483844466e+00
7.800000000000000000e+02 9.996615896356402242e-01
8.400000000000000000e+02 1.002207607101135878e+00
9.000000000000000000e+02 9.971037239900197857e-01
9.600000000000000000e+02 9.974720192442133593e-01
1.020000000000000000e+03 1.004602057977300511e+00
1.080000000000000000e+03 1.000176183465383950e+00
1.140000000000000000e+03 1.000894632507721704e+00
1.200000000000000000e+03 1.003143983156266739e+00
1.260000000000000000e+03 9.964720820237906729e-01
1.320000000000000000e+03 9.982508178724172065e-01
1.380000000000000000e+03 1.004833811461918414e+00
1.440000000000000000e+03 1.000692976088226827e+00
1.500000000000000000e+03 1.000338368576065839e+00
1.560000000000000000e+03 1.004738574017789876e+00
