#       time (sec)              rel. flux
0.000000000000000000e+00 1.005920898091762883e+00
6.000000000000000000e+01 1.003464789853672601e+00
1.200000000000000000e+02 1.000692201066177844e+00
1.800000000000000000e+02 9.991284927907759794e-01
2.400000000000000000e+02 9.983489392332579593e-01
3.000000000000000000e+02 9.920847372990447832e-01
3.600000000000000000e+02 1.015318418377451071e+00
4.200000000000000000e+02 9.980407475278025853e-01
4.800000000000000000e+02 1.000450671750284126e+00
5.400000000000000000e+02 1.009033390964626964e+00
6.000000000000000000e+02 1.001238894364129717e+00
6.600000000000000000e+02 9.963214626464443890e-01
7.200000000000000000e+02 1.003366578113147556e+00
7.800000000000000000e+02 9.910896763222603045e-01
8.400000000000000000e+02 9.929328036983936512e-01
9.000000000000000000e+02 9.935154899343230372e-01
9.600000000000000000e+02 9.983314963495817373e-01
1.020000000000000000e+03 9.950470618769277076e-01
1.080000000000000000e+03 9.997827505219398780e-01
1.140000000000000000e+03 1.000375120229696213e+00
1.200000000000000000e+03 9.992842172033916670e-01
1.260000000000000000e+03 1.001806579479802783e+00
1.320000000000000000e+03 1.002449573571389863e+00
1.380000000000000000e+03 1.004831222069336283e+00
1.440000000000000000e+03 9.957402624010912584e-01
1.500000000000000000e+03 9.905246518283074009e-01
1.560000000000000000e+03 1.010878872434978870e+00
