#       time (sec)              rel. flux
0.000000000000000000e+00 1.004549289097253606e+00
1.200000000000000000e+02 1.004889928655902320e+00
2.400000000000000000e+02 1.007253349007694476e+00
3.600000000000000000e+02 1.004751568533294837e+00
4.800000000000000000e+02 1.003282250582691493e+00
6.000000000000000000e+02 1.001216131148228827e+00
7.200000000000000000e+02 9.981062756330649766e-01
8.400000000000000000e+02 9.888748752436247180e-01
9.600000000000000000e+02 9.919433343760211130e-01
1.080000000000000000e+03 9.965966106992764084e-01
1.200000000000000000e+03 9.982160838162728034e-01
1.320000000000000000e+03 1.001008485916656587e+00
1.440000000000000000e+03 1.000917228004131632e+00
1.560000000000000000e+03 9.983945892858847593e-01
