#       time (sec)              rel. flux
0.000000000000000000e+00 1.001407811480502064e+00
1.200000000000000000e+02 9.991070890124621462e-01
2.400000000000000000e+02 1.001245136874453712e+00
3.600000000000000000e+02 9.985641247013828936e-01
4.800000000000000000e+02 1.002733167994489305e+00
6.000000000000000000e+02 1.000240937710026756e+00
7.200000000000000000e+02 1.001308560610943754e+00
8.400000000000000000e+02 9.935469792744064943e-01
9.600000000000000000e+02 9.980854765976799881e-01
1.080000000000000000e+03 1.002005695448630052e+00
1.200000000000000000e+03 1.001019350547154074e+00
1.320000000000000000e+03 9.938765559669147098e-01
1.440000000000000000e+03 1.003931639500210915e+00
1.560000000000000000e+03 1.002927474280740361e+00
