#       time (sec)              rel. flux
0.000000000000000000e+00 9.987112453777827747e-01
1.200000000000000000e+02 9.954825467983982046e-01
2.400000000000000000e+02 9.990625353701986233e-01
3.600000000000000000e+02 1.003390666184786895e+00
4.800000000000000000e+02 9.982154836968657463e-01
6.000000000000000000e+02 1.000394671298431737e+00
7.200000000000000000e+02 1.001568859466328565e+00
8.400000000000000000e+02 9.994635134218303740e-01
9.600000000000000000e+02 1.000494502375708805e+00
1.080000000000000000e+03 9.989636072863958827e-01
1.200000000000000000e+03 1.002226496341140694e+00
1.320000000000000000e+03 1.002242748848653831e+00
1.440000000000000000e+03 9.997831235334796451e-01
