#       time (sec)              rel. flux
0.000000000000000000e+00 1.002448791090014169e+00
1.200000000000000000e+02 1.004069280782345253e+00
2.400000000000000000e+02 9.959954571722108296e-01
3.600000000000000000e+02 1.001677530640127323e+00
4.800000000000000000e+02 9.930410095837302054e-01
6.000000000000000000e+02 1.003484481156484698e+00
7.200000000000000000e+02 9.922348519020000035e-01
8.400000000000000000e+02 1.001656112933983822e+00
9.600000000000000000e+02 1.005297906174760003e+00
1.080000000000000000e+03 1.002834281549246587e+00
1.200000000000000000e+03 1.003905364523781207e+00
1.320000000000000000e+03 9.939049708154176210e-01
1.440000000000000000e+03 9.994499616758978355e-01
