#       time (sec)              rel. flux
0.000000000000000000e+00 9.935099110713793147e-01
6.000000000000000000e+01 9.967934446386426117e-01
1.200000000000000000e+02 1.003955185973031350e+00
1.800000000000000000e+02 1.003415941294025338e+00
2.400000000000000000e+02 9.938441415142740265e-01
3.000000000000000000e+02 9.920086651511098585e-01
3.600000000000000000e+02 9.972248922638714541e-01
4.200000000000000000e+02 1.000892541735265207e+00
4.800000000000000000e+02 9.964431400931871297e-01
5.400000000000000000e+02 9.976077357874260088e-01
6.000000000000000000e+02 1.002667882922085196e+00
6.600000000000000000e+02 9.949516809510958737e-01
7.200000000000000000e+02 9.973026096721978595e-01
7.800000000000000000e+02 1.002106162843315218e+00
8.400000000000000000e+02 9.968088103462232619e-01
9.000000000000000000e+02 1.000865669622730270e+00
9.600000000000000000e+02 9.983222750590832195e-01
1.020000000000000000e+03 1.002309660720126283e+00
1.080000000000000000e+03 1.002949626735828215e+00
1.140000000000000000e+03 9.976021438592425072e-01
1.200000000000000000e+03 1.005716767183695071e+00
1.260000000000000000e+03 1.001865597698458732e+00
1.320000000000000000e+03 9.968721819619451585e-01
1.380000000000000000e+03 9.931752108018443437e-01
1.440000000000000000e+03 1.001410584971894169e+00
1.500000000000000000e+03 1.014502434360664340e+00
1.560000000000000000e+03 1.014477740399569727e+00
1.620000000000000000e+03 9.996019968680853740e-01
1.680000000000000000e+03 1.000795363499702884e+00
