#       time (sec)              rel. flux
0.000000000000000000e+00 1.002754009481972464e+00
6.000000000000000000e+01 1.000067287897416612e+00
1.200000000000000000e+02 9.983040230271726934e-01
1.800000000000000000e+02 1.000120059090066515e+00
2.400000000000000000e+02 1.003000465997976542e+00
3.000000000000000000e+02 1.002805325483862031e+00
3.600000000000000000e+02 9.960194149113402728e-01
4.200000000000000000e+02 1.001267487336108930e+00
4.800000000000000000e+02 9.995967664932495778e-01
5.400000000000000000e+02 1.001811889401024835e+00
6.000000000000000000e+02 9.997627931444477145e-01
6.600000000000000000e+02 1.000938374293159683e+00
7.200000000000000000e+02 9.978172053222937876e-01
7.800000000000000000e+02 9.991189201353368743e-01
8.400000000000000000e+02 9.985467587976011306e-01
9.000000000000000000e+02 1.002639566368502155e+00
9.600000000000000000e+02 1.004607651338478513e+00
1.020000000000000000e+03 9.976470337066905003e-01
1.080000000000000000e+03 9.962763054894975268e-01
1.140000000000000000e+03 9.965058448363858234e-01
1.200000000000000000e+03 1.002302224996474145e+00
1.260000000000000000e+03 1.001902248619802815e+00
1.320000000000000000e+03 9.979524088895139755e-01
1.380000000000000000e+03 1.002921729941981699e+00
1.440000000000000000e+03 9.984863910319217162e-01
1.500000000000000000e+03 1.002384768140903715e+00
1.560000000000000000e+03 9.976028150113143145e-01
1.620000000000000000e+03 1.000502114882319660e+00
1.680000000000000000e+03 9.963381159331872183e-01
