#       time (sec)              rel. flux
0.000000000000000000e+00 1.007445489299680697e+00
6.000000000000000000e+01 1.010122112800408978e+00
1.200000000000000000e+02 1.000256058318343522e+00
1.800000000000000000e+02 1.001524235672036633e+00
2.400000000000000000e+02 1.000644398291728576e+00
3.000000000000000000e+02 9.962615987806863194e-01
3.600000000000000000e+02 9.940215428398601061e-01
4.200000000000000000e+02 9.965457628669380785e-01
4.800000000000000000e+02 9.950628936568303162e-01
5.400000000000000000e+02 1.000357519109573268e+00
6.000000000000000000e+02 1.001260658674831383e+00
6.600000000000000000e+02 1.004720166811893467e+00
7.200000000000000000e+02 1.000017760259457544e+00
7.800000000000000000e+02 1.001383379100208471e+00
8.400000000000000000e+02 1.002940030170158314e+00
9.000000000000000000e+02 9.986653902261501958e-01
9.600000000000000000e+02 1.000273540072588618e+00
1.020000000000000000e+03 9.973205190685126009e-01
1.080000000000000000e+03 9.934094882361859113e-01
1.140000000000000000e+03 9.977674557439286662e-01
