#       time (sec)              rel. flux
0.000000000000000000e+00 1.009856954406303409e+00
6.000000000000000000e+01 9.961722835605666404e-01
1.200000000000000000e+02 9.983729263148670707e-01
1.800000000000000000e+02 1.003494149784167400e+00
2.400000000000000000e+02 1.001673841370165352e+00
3.000000000000000000e+02 9.965647772773240654e-01
3.600000000000000000e+02 1.001103728915972324e+00
4.200000000000000000e+02 9.988023548389204365e-01
4.800000000000000000e+02 9.998898715956568983e-01
5.400000000000000000e+02 1.000947658531984752e+00
6.000000000000000000e+02 1.001048863792537658e+00
6.600000000000000000e+02 1.000912456251952687e+00
7.800000000000000000e+02 9.986076399850470908e-01
8.400000000000000000e+02 1.001144649613726179e+00
9.000000000000000000e+02 1.000472161374104996e+00
9.600000000000000000e+02 9.964620214010349031e-01
1.020000000000000000e+03 9.952620576001227626e-01
1.080000000000000000e+03 9.983329021075046938e-01
1.140000000000000000e+03 1.000878701278039573e+00
