#       time (sec)              rel. flux
0.000000000000000000e+00 1.002574932307769062e+00
6.000000000000000000e+01 9.840142033730154836e-01
1.200000000000000000e+02 1.001881582491423783e+00
1.800000000000000000e+02 1.000409651674470046e+00
2.400000000000000000e+02 1.000647131708842563e+00
3.000000000000000000e+02 1.007559043980773117e+00
3.600000000000000000e+02 1.005357857464638460e+00
4.200000000000000000e+02 1.006732745165191734e+00
4.800000000000000000e+02 9.998939778271767054e-01
5.400000000000000000e+02 1.000936267604109142e+00
6.000000000000000000e+02 1.002957282597947142e+00
6.600000000000000000e+02 9.963893134492379788e-01
7.200000000000000000e+02 1.000020430373845137e+00
7.800000000000000000e+02 1.003201168108172503e+00
8.400000000000000000e+02 1.003081650290597926e+00
9.000000000000000000e+02 1.002268802861920438e+00
9.600000000000000000e+02 9.889713245023759036e-01
1.020000000000000000e+03 1.007296711304436876e+00
1.080000000000000000e+03 9.999836441180195434e-01
1.140000000000000000e+03 9.858222787960362332e-01
