#       time (sec)              rel. flux
0.000000000000000000e+00 9.994741897150608567e-01
6.000000000000000000e+01 9.923234093850412663e-01
1.200000000000000000e+02 1.002551027453399080e+00
1.800000000000000000e+02 9.978359433827221903e-01
2.400000000000000000e+02 9.968208320596240180e-01
3.000000000000000000e+02 1.003138583775624149e+00
3.600000000000000000e+02 9.989295890451099780e-01
4.200000000000000000e+02 9.977825220219370683e-01
4.800000000000000000e+02 9.974975369734785380e-01
5.400000000000000000e+02 9.981762793586421711e-01
6.000000000000000000e+02 1.006551828729703724e+00
6.600000000000000000e+02 9.998676925610648913e-01
7.200000000000000000e+02 1.002179732745109186e+00
7.800000000000000000e+02 9.938726867359329864e-01
8.400000000000000000e+02 1.001419691067278128e+00
9.000000000000000000e+02 1.002997486639846780e+00
9.600000000000000000e+02 9.984975162612355071e-01
1.020000000000000000e+03 9.993842179279533999e-01
1.080000000000000000e+03 9.991215543106544139e-01
1.140000000000000000e+03 1.011577679850578226e+00
